-7.995915403845839  3.7063804252649977
-7.973057999416252  3.814859075903403
-7.961705906418011  3.9539814131628264
-7.938862430936888  4.077893338699454
-7.916018955455765  4.201805264236081
-7.8931754799746425  4.325717189772708
-7.870276288699664  4.387896015716447
-7.84736316847622  4.4346415667619645
-7.824436119304313  4.46595384290926
-7.80152299908087  4.512699393954777
-7.778568092012034  4.513145120305628
-7.755613184943199  4.513590846656479
-7.732658277874362  4.51403657300733
-7.709703370805527  4.514482299358181
-7.686748463736691  4.5149280257090325
-7.663779627719392  4.499940477161662
-7.640810791702092  4.484952928614291
-7.617855884633257  4.485398654965143
-7.594928835461349  4.516710931112438
-7.571918212598657  4.4554235578704
-7.54892151868443  4.409569459526586
-7.525910895821737  4.3482820862845495
-7.502900272959046  4.286994713042512
-7.479903579044818  4.241140614698698
-7.456934743027518  4.226153066151326
-7.433965907010219  4.2111655176039555
-7.411010999941382  4.211611243954807
-7.388056092872547  4.212056970305658
-7.342215923477196  4.290114797498471
-7.319247087459897  4.275127248951099
-7.296250393545669  4.229273150607285
-7.273281557528369  4.214285602059914
-7.250354508356462  4.245597878207209
-7.227385672339162  4.2306103296598385
-7.204416836321863  4.215622781112467
-7.181434071356098  4.185201957666875
-7.123977158941689  4.109149899052893
-7.100966536078997  4.047862525810856
-7.0779419842678415  3.971141877670597
-7.054875645611293  3.8481214048356724
-7.031809306954744  3.725100932000747
-7.008742968298196  3.6020804591658226
-6.985676629641648  3.479059986330898
-6.962610290985099  3.356039513495973
-6.939543952328551  3.2330190406610484
-6.916421897878146  3.048265468233235
-6.893299843427741  2.8635118958054226
-6.870177788977337  2.67875832337761
-6.858574974906742  2.5400817124690382
-6.841289149862795  2.463249632741067
-6.835452920456337  2.355328140041225
-6.823864035334206  2.2320848040308743
-6.806578210290259  2.1552527243029047
-6.800741980883801  2.047331231603062
-6.783456155839854  1.9704991518750905
-6.777619926433397  1.8625776591752494
-6.766031041311266  1.7393343231648988
-6.7544421561891355  1.6160909871545481
-6.737156331145188  1.5392589074265786
-6.731320101738731  1.4313374147267357
-6.714034276694784  1.3545053349987644
-6.696678806908516  1.2005068807796828
-6.673626397200431  1.0929196828429806
-6.650587916440811  1.0007657598044997
-6.627563364629656  0.9240451116642419
-6.604497025973107  0.8010246388293165
-6.49543335949921  0.7722752891994151
-6.409491747475718  0.9282795119973279
-6.386592556200738  0.9904583379410656
-6.363721222822687  1.0835037136812478
-6.3408777473415645  1.207415639217876
-6.318020342911978  1.3158942898562813
-6.295135080585462  1.3935063906982421
-6.272249818258947  1.4711184915402047
-6.2493506269839685  1.5332973174839424
-6.226451435708989  1.5954761434276818
-6.20355224443401  1.6576549693714213
-6.1806530531590305  1.7198337953151608
-6.157739932935588  1.7665793463606771
-6.134798954815215  1.7824583476097509
-6.111816189849453  1.752037524164157
-6.0888055669867605  1.6907501509221206
-6.06576708622714  1.5985962278836414
-6.042714676519056  1.4910090299469374
-6.019676195759436  1.3988551069084565
-5.996609857102888  1.275834634073533
-5.973543518446339  1.1528141612386076
-5.95047717978979  1.0297936884036822
-5.72594253054851  0.23160922561693909
-5.685715727384192  0.17065614713803967
-5.662760820315356  0.17110187348889028
-5.582362929780575  0.11092881612398209
-5.5594080227117395  0.11137454247483447
-5.536453115642904  0.11182026882568508
-5.5134982085740685  0.11226599517653568
-5.479065847970816  0.11293458470281337
-5.456110940901979  0.11338031105366397
-5.433156033833144  0.11382603740451458
-5.410201126764308  0.11427176375536696
-5.375768766161055  0.11494035328164287
-5.352813859092219  0.11538607963249348
-5.329858952023384  0.11583180598334586
-5.306904044954548  0.11627753233419647
-5.272471684351295  0.11694612186047415
-5.249516777282459  0.11739184821132476
-5.226561870213624  0.11783757456217536
-5.209345689911997  0.1181718693253142
-5.180652056075953  0.11872902726387835
-5.157697149007117  0.11917475361472896
-5.134742241938281  0.11962047996558134
-5.111787334869446  0.12006620631643194
-5.077354974266193  0.12073479584270785
-5.054400067197356  0.12118052219356024
-5.031445160128522  0.12162624854441084
-5.008490253059685  0.12207197489526145
-5.9246568607406624  0.8921445497861047
-5.891956648304895  0.7714202820664102
-5.8692721689672425  0.6370171759478307
-5.8415980777581105  0.5296796717857646
-5.8088978653223435  0.4089554040660701
-5.77622199245668  0.31519938002247017
-5.748572240817653  0.2348301195364968
